13.0,8,360.0,175.0,3821,11.0,73,1,4477
15.0,8,390.0,190.0,3850,8.5,70,1,3114
17.0,8,304.0,150.0,3672,11.5,72,1,3902
18.1,6,258.0,120.0,3410,15.1,78,1,3849
20.2,6,232.0,90.0,3265,18.2,79,1,4324
19.4,6,232.0,90.0,3210,17.2,78,1,3849
21.0,6,199.0,90.0,2648,15.0,70,1,4104.8007380073805
19.0,6,232.0,100.0,2634,13.0,71,1,1999.0
18.0,6,232.0,100.0,2789,15.0,73,1,2098
20.0,6,232.0,100.0,2914,16.0,75,1,2798
18.0,6,258.0,110.0,2962,13.5,71,1,2334
18.0,6,199.0,97.0,2774,15.5,70,1,4104.8007380073805
18.0,6,232.0,100.0,2945,16.0,73,1,2449
19.0,6,232.0,100.0,2901,16.0,74,1,2849
22.5,6,232.0,90.0,3085,17.6,76,1,3199
15.0,8,304.0,150.0,3892,12.5,72,1,3239
14.0,8,304.0,150.0,4257,15.5,74,1,3477
18.0,6,232.0,100.0,3288,15.5,71,1,3100
14.0,8,304.0,150.0,3672,11.5,73,1,2986
16.0,6,258.0,110.0,3632,18.0,74,1,3699
15.0,6,258.0,110.0,3730,19.0,75,1,3545
15.5,8,304.0,120.0,3962,13.9,76,1,3725
17.5,6,258.0,95.0,3193,17.8,76,1,3499
19.0,6,232.0,90.0,3211,17.0,75,1,3299
16.0,8.0,332.0,162.5,3641.5,11.5,70.0,1.0,2766
27.4,4,121.0,80.0,2670,15.0,79,1,4133
24.0,4,107.0,90.0,2430,14.5,70,2,3595
24.0,4,107.0,90.0,2430,14.5,71,2,3595
20.0,4,114.0,91.0,2582,14.0,73,2,4275
23.0,4,115.0,95.0,2694,15.0,75,2,6002
20.3,5,131.0,103.0,2830,15.9,78,2,8780
29.0,4,98.0,83.0,2219,16.5,74,2,3975
26.0,4,121.0,113.0,2234,12.5,70,2,3275
26.0,4,121.0,113.0,2234,12.5,71,2,3275
21.5,4,121.0,110.0,2600,12.8,77,2,7990
13.0,8,350.0,175.0,4100,13.0,73,1,3057
13.0,8,350.0,150.0,4699,14.5,74,1,4371
20.6,6,231.0,105.0,3380,15.8,78,1,4633
17.0,6,231.0,110.0,3907,21.0,75,1,4022
12.0,8,455.0,225.0,4951,11.0,73,1,4993
14.0,8,455.0,225.0,3086,10.0,70,1,4226
16.9,8,350.0,155.0,4360,14.9,79,1,7169
13.0,8,350.0,155.0,4502,13.5,72,1,4291
30.0,4,111.0,80.0,2155,14.8,77,1,4104.8007380073805
17.7,6,231.0,165.0,3445,13.4,78,1,5958
21.0,6,231.0,110.0,3039,15.0,75,1,4173
15.0,8,350.0,165.0,3693,11.5,70,1,2847
28.4,4,151.0,90.0,2670,16.0,79,1,4462
20.5,6,231.0,105.0,3425,16.9,77,1,3865
23.0,8,350.0,125.0,3900,17.4,79,1,14668
16.5,8,350.0,180.0,4380,12.1,76,1,12479
25.0,4,140.0,92.0,2572,14.9,76,1,4104.8007380073805
16.0,6,250.0,105.0,3897,18.5,75,1,4104.8007380073805
15.0,8,350.0,145.0,4440,14.0,75,1,4345
13.0,8,400.0,150.0,4464,12.0,73,1,4345
17.5,8,305.0,145.0,3880,12.5,77,1,5307
17.0,8,305.0,130.0,3840,15.4,79,1,6508
13.0,8,350.0,165.0,4142,11.5,70,1,3210
13.0,8,307.0,130.0,4098,14.0,72,1,3244
16.0,6,250.0,100.0,3781,17.0,74,1,4104.8007380073805
17.5,8,305.0,140.0,4215,13.0,76,1,4455
18.0,8,307.0,130.0,3504,12.0,70,1,2881
17.0,6,250.0,100.0,3329,15.5,71,1,4104.8007380073805
29.0,4,85.0,52.0,2035,22.2,76,1,2558
30.5,4,98.0,63.0,2051,17.0,77,1,3225
30.0,4,98.0,68.0,2155,16.5,78,1,3644
28.8,6,173.0,115.0,2595,11.3,79,1,4104.8007380073805
17.5,6,250.0,110.0,3520,16.4,77,1,4111
14.0,8,454.0,220.0,4354,9.0,70,1,3132
14.0,8,350.0,165.0,4209,12.0,71,1,3813
13.0,8,350.0,165.0,4274,12.0,72,1,3979
11.0,8,400.0,150.0,4997,14.0,73,1,3836
19.2,8,267.0,125.0,3605,15.0,79,1,5480
13.0,8,350.0,145.0,3988,13.0,73,1,3010
20.5,6,200.0,95.0,3155,18.2,78,1,4394
15.5,8,350.0,170.0,4165,11.4,77,1,4968
19.2,8,305.0,145.0,3425,13.2,78,1,4935
15.0,8,350.0,145.0,4082,13.0,73,1,3562
15.0,8,400.0,150.0,3761,9.5,70,1,3123
20.0,8,262.0,110.0,3221,13.5,75,1,3953
16.0,6,250.0,100.0,3278,18.0,73,1,2641
15.0,6,250.0,100.0,3336,17.0,74,1,2919
18.0,6,250.0,105.0,3459,16.0,75,1,3280
22.0,6,250.0,105.0,3353,14.5,76,1,3413
22.0,4,140.0,72.0,2408,19.0,71,1,2328
28.0,4,140.0,90.0,2264,15.5,71,1,2090
20.0,4,140.0,90.0,2408,19.5,72,1,2160
21.0,4,140.0,72.0,2401,19.5,73,1,2192
25.0,4,140.0,75.0,2542,17.0,74,1,2505
24.5,4,98.0,60.0,2164,22.1,76,1,4104.8007380073805
13.0,8,350.0,145.0,4055,12.0,76,1,5087
10.0,8,307.0,200.0,4376,15.0,70,1,3870
10.0,8,307.0,200.0,4376,15.0,71,1,3870
15.5,8,400.0,190.0,4325,12.2,77,1,5418
18.5,8,360.0,150.0,3940,13.0,79,1,6642
13.0,8,440.0,215.0,4735,11.0,73,1,5413
13.0,8,400.0,190.0,4422,12.5,72,1,4124
20.99412698412698,4,133.0,115.0,3090,17.5,70,2,4104.8007380073805
35.0,4,72.0,69.0,1613,18.0,71,3,4104.8007380073805
23.9,4,119.0,97.0,2405,14.9,78,3,4104.8007380073805
31.8,4,85.0,65.0,2020,19.2,79,3,4104.8007380073805
28.0,4,97.0,92.0,2288,17.0,72,3,4104.8007380073805
27.2,4,119.0,97.0,2300,14.7,78,3,4104.8007380073805
22.0,4,108.0,94.0,2379,16.5,73,3,4104.8007380073805
32.0,4,83.0,61.0,2003,19.0,74,3,4104.8007380073805
24.0,4,119.0,97.0,2545,17.0,75,3,4104.8007380073805
22.0,6,146.0,97.0,2815,14.5,77,3,4104.8007380073805
32.0,4,85.0,70.0,1990,17.0,76,3,4104.8007380073805
39.4,4,85.0,70.0,2070,18.6,78,3,4104.8007380073805
31.0,4,79.0,67.0,1950,19.0,74,3,4104.8007380073805
33.5,4,85.0,70.0,1945,16.8,77,3,4104.8007380073805
27.0,4,97.0,88.0,2130,14.5,70,3,4104.8007380073805
27.0,4,97.0,88.0,2130,14.5,71,3,4104.8007380073805
20.6,6,225.0,110.0,3360,16.6,79,1,4399
20.0,6,225.0,100.0,3651,17.7,76,1,4413
18.6,6,225.0,110.0,3620,18.7,78,1,3911
15.0,8,383.0,170.0,3563,10.0,70,1,3914
28.0,4,98.0,80.0,2164,15.0,72,1,2451
25.0,4,97.5,80.0,2126,17.0,72,1,2233
35.7,4,98.0,80.0,1915,14.4,79,1,4425
33.5,4,98.0,83.0,2075,15.9,77,1,2999
28.0,4,90.0,75.0,2125,14.5,74,1,2585
26.0,4,98.0,79.0,2255,17.7,76,1,3175
16.0,8,318.0,150.0,4190,13.0,76,1,4297
14.0,8,318.0,150.0,4457,13.5,74,1,3882
15.0,8,318.0,150.0,3777,12.5,73,1,3129
13.0,8,318.0,150.0,3755,14.0,76,1,3777
11.0,8,318.0,210.0,4382,13.5,70,1,3198
11.0,8,318.0,210.0,4382,13.5,71,1,3198
15.0,8,318.0,150.0,3399,11.0,73,1,2658
19.4,8,318.0,140.0,3735,13.2,78,1,5207
17.5,8,318.0,140.0,4080,13.7,78,1,5509
12.0,8,383.0,180.0,4955,11.5,71,1,4689
15.5,8,318.0,145.0,4140,13.7,77,1,4408
30.9,4,105.0,75.0,2230,14.5,78,1,3967
18.2,8,318.0,135.0,3830,15.2,79,1,6847
26.0,4,98.0,90.0,2265,15.5,73,2,3674
26.0,4,116.0,75.0,2246,14.0,74,2,4343
30.0,4,88.0,76.0,2065,14.5,71,2,2081
29.0,4,68.0,49.0,1867,19.5,73,2,2195
24.0,4,90.0,75.0,2108,15.5,74,2,2684
28.0,4,107.0,86.0,2464,15.5,76,2,4286
37.3,4,91.0,69.0,2130,14.7,79,2,4496
31.0,4,79.0,67.0,2000,16.0,74,2,4167
13.0,8,400.0,170.0,4746,12.0,71,1,4074
15.5,8,351.0,142.0,4054,14.3,79,1,7006
12.0,8,400.0,167.0,4906,12.5,73,1,4104.8007380073805
13.0,8,302.0,130.0,3870,15.0,76,1,4104.8007380073805
10.0,8,360.0,215.0,4615,14.0,70,1,3214
10.0,8,360.0,215.0,4615,14.0,71,1,3214
20.2,6,200.0,85.0,2965,15.8,78,1,3744
25.1,4,140.0,88.0,2720,15.4,78,1,3744
22.3,4,140.0,88.0,2890,17.3,79,1,4383
36.1,4,98.0,66.0,1800,14.4,78,1,4104.8007380073805
18.1,8,302.0,139.0,3205,11.2,78,1,4104.8007380073805
15.0,8,429.0,198.0,4341,10.0,70,1,3137
14.0,8,351.0,153.0,4154,13.5,71,1,4104.8007380073805
14.0,8,351.0,153.0,4129,13.0,72,1,4104.8007380073805
13.0,8,302.0,140.0,4294,16.0,72,1,4104.8007380073805
14.0,8,302.0,140.0,4638,16.0,74,1,4017
14.0,8,302.0,137.0,4042,14.5,73,1,3015
16.0,8,302.0,140.0,4141,14.0,74,1,3411
14.5,8,351.0,152.0,4215,12.8,76,1,4104.8007380073805
18.0,6,250.0,78.0,3574,21.0,76,1,4353
18.5,6,250.0,98.0,3525,19.0,77,1,4209
17.6,8,302.0,129.0,3725,13.4,79,1,6686
13.0,8,351.0,158.0,4363,13.0,73,1,3950
14.0,8,351.0,148.0,4657,13.5,75,1,4753
21.0,6,200.0,85.0,2587,16.0,70,1,1995
18.0,6,250.0,88.0,3021,16.5,73,1,2248
21.0,6,200.0,112.28955696202532,2875,17.0,74,1,2790
15.0,6,250.0,72.0,3158,19.5,75,1,3025
24.0,6,200.0,81.0,3012,17.6,76,1,3117
20.99412698412698,8,302.0,140.0,3353,8.0,70,1,3126
25.5,4,140.0,89.0,2755,15.8,77,1,4183
13.0,8,302.0,129.0,3169,12.0,75,1,3801
18.0,6,250.0,88.0,3139,14.5,71,1,3322
22.0,4,122.0,86.0,2395,16.0,72,1,2265
21.0,4,122.0,86.0,2226,16.5,72,1,2078
25.0,4,98.0,112.28955696202532,2046,19.0,71,1,1919
19.0,4,122.0,85.0,2310,18.5,73,1,2021
26.0,4,122.0,80.0,2451,16.5,74,1,2527
20.5,5.0,155.5,90.0,2811.5,15.75,75.0,1.0,2769
26.5,4,140.0,72.0,2565,13.6,76,1,3025
16.0,8,351.0,149.0,4335,14.5,77,1,5063
17.0,8.0,326.5,146.5,3741.5,10.75,70.0,1.0,2971.0
19.0,6,250.0,88.0,3302,15.5,71,1,2950
9.0,8,304.0,193.0,4732,18.5,70,1,4104.8007380073805
31.5,4,98.0,68.0,2045,18.5,77,3,3299
29.5,4,98.0,68.0,2135,16.6,78,3,5965
33.0,4,91.0,53.0,1795,17.5,75,3,3009
36.1,4,91.0,60.0,1800,16.4,78,3,3975
24.0,4,120.0,97.0,2489,15.0,74,3,2545
33.0,4,91.0,53.0,1795,17.4,76,3,2939
34.1,4,86.0,65.0,1975,15.2,79,3,3995
18.0,3,70.0,90.0,2124,13.5,73,3,3295
32.8,4,78.0,52.0,1985,19.4,78,3,3145
21.5,3,80.0,110.0,2720,13.5,77,3,5470
19.0,3,70.0,97.0,2330,13.5,72,3,2290
25.4,5,183.0,77.0,3530,20.1,79,2,21497
16.5,6,168.0,120.0,3820,16.7,76,2,17124
23.0,4,122.0,86.0,2220,14.0,71,1,4104.8007380073805
21.0,6,155.0,107.0,2472,14.0,73,1,4104.8007380073805
15.0,8,302.0,130.0,4295,14.9,77,1,4990
16.5,8,351.0,138.0,3955,13.2,79,1,7721
12.0,8,429.0,198.0,4952,11.5,73,1,5151
11.0,8,429.0,208.0,4633,11.0,72,1,4572
20.2,8,302.0,139.0,3570,12.8,78,1,4571
15.0,6,250.0,72.0,3432,21.0,75,1,3892
19.8,6,200.0,85.0,2990,18.2,79,1,4888
20.8,6,200.0,85.0,3070,16.7,78,1,3897
19.9,8,260.0,110.0,3365,15.5,78,1,4877
23.9,8,260.0,90.0,3420,22.2,79,1,5442
17.0,8,260.0,110.0,4060,19.0,77,1,4825
12.0,8,350.0,160.0,4456,13.5,72,1,4387
26.8,6,173.0,115.0,2700,12.9,79,1,4582
11.0,8,350.0,180.0,3664,11.0,73,1,2777
23.8,4,151.0,85.0,2855,17.6,78,1,4306
12.0,8,350.0,180.0,4499,12.5,73,1,3789
28.0,4,116.0,90.0,2123,14.0,71,2,4104.8007380073805
25.0,4,116.0,81.0,2220,16.9,76,2,4104.8007380073805
24.0,4,116.0,75.0,2158,15.5,73,2,4104.8007380073805
26.0,4,97.0,78.0,2300,14.5,74,2,3275
30.0,4,79.0,70.0,2074,19.5,71,2,2479
21.0,4,120.0,87.0,2979,19.5,72,2,4095
25.0,4,110.0,87.0,2672,17.5,70,2,3478
23.0,4,120.0,88.0,2957,17.0,75,2,6330
19.0,4,120.0,88.0,3270,21.9,76,2,7340
27.2,4,141.0,71.0,3190,24.8,79,2,8040
25.0,4,110.0,87.0,2672,17.5,71,2,3478
16.2,6,163.0,133.0,3410,15.8,78,2,10990
14.0,8,340.0,160.0,3609,8.0,70,1,4104.8007380073805
25.5,4,122.0,96.0,2300,15.5,77,1,3654
26.0,4,91.0,70.0,1955,20.5,71,1,1915
13.0,8,360.0,170.0,4654,13.0,73,1,4104.8007380073805
22.0,6,198.0,95.0,2833,15.5,70,1,2547
23.0,6,198.0,95.0,2904,16.0,73,1,4104.8007380073805
20.0,6,198.0,95.0,3102,16.5,74,1,2829
14.0,8,318.0,150.0,4237,14.5,73,1,4064
14.0,8,440.0,215.0,4312,8.5,70,1,3174
14.0,8,318.0,150.0,4096,13.0,71,1,3612
15.0,8,318.0,150.0,4135,13.5,72,1,3785
18.0,6,225.0,95.0,3785,19.0,75,1,3672
16.0,8,318.0,150.0,4498,14.5,75,1,4565
34.5,4,105.0,70.0,2150,14.9,79,1,4864
34.2,4,105.0,70.0,2200,13.2,79,1,4469
23.2,4,156.0,105.0,2745,16.7,78,1,6087
14.0,8,318.0,150.0,4077,14.0,72,1,3340
16.0,6,225.0,105.0,3439,15.5,71,1,3003
18.0,6,225.0,105.0,3613,16.5,74,1,3468
18.0,8,318.0,150.0,3436,11.0,70,1,2831
19.0,6,225.0,95.0,3264,16.0,75,1,3422
18.0,6,225.0,105.0,3121,16.5,73,1,2447
22.0,6,225.0,100.0,3233,15.4,76,1,3276
19.0,6,225.0,100.0,3630,17.7,77,1,3752
13.0,8,318.0,150.0,3940,13.2,76,1,3324
20.5,6,225.0,100.0,3430,17.2,78,1,3771
23.0,4,140.0,78.0,2592,18.5,75,1,3079
14.0,8,400.0,175.0,4464,11.5,71,1,4154
14.0,8,455.0,225.0,4425,10.0,70,1,3164
14.0,8,400.0,175.0,4385,12.0,72,1,4080
16.0,8,400.0,170.0,4668,11.5,75,1,4700
19.0,6,250.0,100.0,3282,15.0,71,1,3168
16.0,8,400.0,180.0,4220,11.1,77,1,5483
16.0,8,400.0,230.0,4278,9.5,73,1,4583
21.5,6,231.0,115.0,3245,15.4,79,1,5301
19.2,6,231.0,105.0,3535,19.2,78,1,4399
33.5,4,151.0,90.0,2556,13.2,79,1,4089
13.0,8,400.0,175.0,5140,12.0,71,1,4643
24.5,4,151.0,88.0,2740,16.0,77,1,3659
18.5,6,250.0,110.0,3645,16.2,76,1,3702
26.0,4,96.0,69.0,2189,18.0,72,2,2695
27.0,4,101.0,83.0,2202,15.3,76,2,3899
36.0,4,79.0,58.0,1825,18.6,77,2,4450
25.0,4,104.0,95.0,2375,17.5,70,2,3375
25.0,4,104.0,95.0,2375,17.5,71,2,3375
21.6,4,121.0,115.0,2795,15.7,78,2,6298
24.0,4,121.0,110.0,2660,14.0,73,2,4095
25.0,4,121.0,115.0,2671,13.5,75,2,5198
30.0,4,97.0,67.0,1985,16.4,77,3,3499
26.0,4,108.0,93.0,2391,15.5,74,3,2997
20.0,4,97.0,88.0,2279,19.0,73,3,2589
21.1,4,134.0,95.0,2515,14.8,78,3,5889
31.0,4,71.0,65.0,1773,19.0,71,3,1798
32.0,4,71.0,65.0,1836,21.0,74,3,2199
27.0,4,97.0,88.0,2100,16.5,72,3,2301
26.0,4,97.0,75.0,2265,18.2,77,3,3918
29.0,4,97.0,75.0,2171,16.0,75,3,2711
28.0,4,97.0,75.0,2155,16.4,76,3,2789
24.0,4,113.0,95.0,2278,15.5,72,3,2532
24.0,4,113.0,95.0,2372,15.0,70,3,2170
25.0,4,113.0,95.0,2228,14.0,71,3,2150
31.0,4,76.0,52.0,1649,16.5,74,3,3344
24.0,4,134.0,96.0,2702,13.5,75,3,4379
27.5,4,134.0,95.0,2560,14.2,78,3,4574
20.0,6,156.0,122.0,2807,13.5,73,3,4104.8007380073805
19.0,6,156.0,108.0,2930,15.5,76,3,4104.8007380073805
23.0,4,120.0,97.0,2506,14.5,72.0,3,2837
26.0,4,97.0,46.0,1835,20.5,70,2,4104.8007380073805
22.0,4,121.0,76.0,2511,18.0,72,2,3275
26.0,4,79.0,67.0,1963,15.5,74,2,4100
25.0,4,90.0,71.0,2223,16.5,75,2,4700
30.5,4,97.0,78.0,2190,14.1,77,2,5399
27.0,4,97.0,60.0,1834,19.0,71,2,4104.8007380073805
43.1,4,90.0,48.0,1985,21.5,78,2,4699
29.0,4,97.0,78.0,1940,14.5,77,2,4079
29.0,4,90.0,70.0,1937,14.0,75,2,3330
29.25,4.0,93.5,70.5,1881.0,13.2,76.0,2.0,3499.0
31.5,4,89.0,71.0,1990,14.9,78,2,6095
20.99412698412698,4,97.0,48.0,1978,20.0,71,2,4104.8007380073805
26.0,4,97.0,46.0,1950,21.0,73,2,2499
23.0,4,97.0,54.0,2254,23.5,72,2,2549
19.0,4,121.0,112.0,2868,15.5,73,2,4340
18.0,4,121.0,112.0,2933,14.5,72,2,3890
22.0,4,121.0,98.0,2945,14.5,75,2,6595
20.0,4,130.0,102.0,3150,15.7,76,2,7495
17.0,6,163.0,125.0,3140,13.6,78,2,10245
31.9,4,89.0,71.0,1925,14.0,79,2,4799
